0.01 0.25 16 0.13 1e-4 1e-2 1e-2 2.5e-2 0.999 0.033333334 60
50
[-0.499992,-0.184231,0.0639013] [-0.00413499,0.00327672,-0.0281041]
[-0.452955,0.0894324,0.0448241] [0.0434693,-0.0116498,0.00194164]
[0.330965,-0.232714,-0.111635] [0.00297002,0.0171149,-0.0492302]
[-0.116584,-0.216579,-0.0206285] [0.0186773,0.00889766,0.0430436]
[0.346167,0.0134644,-0.102009] [0.0153919,-0.00840006,0.0201191]
[0.410321,0.131099,-0.0593868] [-0.0452535,0.0236082,-0.0171766]
[0.132639,0.128205,0.122759] [-0.0134661,-0.0252961,0.048255]
[0.22266,0.126678,0.0378796] [-0.0427314,0.0131635,0.0384707]
[-0.22729,-0.0317943,0.0666237] [-0.00222682,-0.0262226,-0.0225093]
[-0.140735,-0.166746,-0.00337065] [0.0397656,0.0409208,-0.0439436]
[0.404653,0.00226145,0.00407299] [-0.0180967,0.0486642,-0.000602332]
[-0.233855,-0.204634,0.111941] [-0.0426251,7.07095e-05,-0.0115858]
[-0.222918,0.206909,0.00743685] [-0.00355542,0.044098,-0.0449916]
[0.261514,0.135102,0.0819543] [-0.0374635,-0.0484132,0.0188455]
[0.368247,0.0647717,0.0590561] [0.0225412,0.0499458,0.0388572]
[-0.266805,-0.0968391,-0.0372462] [0.00132737,0.00911136,0.0345982]
[-0.0879192,0.170755,-0.0576707] [-0.00846054,0.0037304,-0.00320826]
[-0.212788,-0.160836,-0.08657] [0.00716548,0.0302406,-0.0466946]
[0.0344498,-0.00075994,0.11384] [0.0248293,0.00545838,0.0390737]
[0.124849,0.17102,-0.0850581] [-0.0287248,0.021471,-0.0369573]
[-0.40901,-0.112706,-0.12425] [-0.00857067,-0.0473124,0.020982]
[0.437897,-0.130045,-0.079776] [-0.018246,0.0386991,0.0152059]
[-0.349665,0.0906731,-0.0285463] [-0.0112275,-2.58968e-05,-0.0352467]
[0.0871866,0.172788,0.0225272] [0.0455409,0.00561461,-0.0351848]
[0.483305,-0.0456167,-0.0895451] [0.00648987,-0.0247874,-0.00114855]
[-0.0359695,0.230548,-0.0934923] [-0.0300243,-0.018075,0.0129269]
[-0.373288,0.0756269,0.0304085] [0.0303073,-0.0252158,-0.00235682]
[-0.110686,-0.148375,-0.117906] [0.0401673,-0.00735026,-0.0357979]
[0.447487,-0.0448435,-0.0922029] [0.0385648,-0.0407826,-0.0337801]
[-0.428936,-0.0673305,-0.0617357] [-0.0364891,0.0283153,-0.00446927]
[-0.150476,-0.0238499,0.0772361] [0.0431674,0.0151646,-0.0284752]
[0.179592,0.204461,-0.0624686] [0.036086,-0.00287377,0.000595588]
[0.100394,0.158781,0.0639609] [-0.0037755,0.0451367,0.0132739]
[-0.0606697,0.162349,0.0472452] [0.0202207,0.0487145,0.0454415]
[0.35127,-0.105342,0.00935644] [0.00144347,-0.0396566,-0.00859715]
[0.0767166,0.188283,-0.0149903] [0.0229748,0.0369264,0.0215642]
[0.30072,0.103268,0.060429] [-0.0480908,0.0386031,0.00249874]
[-0.0366773,-0.217403,0.0533556] [-0.00110568,0.0167679,0.0182049]
[-0.300445,0.208317,0.0914707] [0.0390019,0.00439483,-0.0360805]
[-0.0496526,0.244681,-0.071117] [-0.00539766,-0.0184268,0.00146595]
[0.381504,-0.0301372,-0.00811705] [0.030665,-0.0134842,-0.0288481]
[0.499117,-0.173198,0.0326221] [0.011635,-0.0499405,-0.0499121]
[0.273352,0.113667,-0.0452056] [-0.00822763,0.0182494,0.0180562]
[-0.294738,0.16821,0.0522302] [0.0328708,-0.0405451,-0.0418262]
[0.264005,0.0647859,-0.071537] [-0.0286453,-0.0418939,-0.0111177]
[0.45216,0.223773,-0.0275366] [-0.0230785,0.0192169,-0.0215965]
[0.276866,0.141933,-0.019385] [-0.0217844,-0.0306033,-0.0488684]
[-0.308176,0.241618,-0.0639864] [0.0319726,-0.0363545,-0.0101856]
[0.10101,-0.16156,0.0820887] [-0.0342269,0.0487937,-0.0242831]
[-0.266401,-0.199181,-0.0701473] [0.0134717,0.0196007,0.029477]

0
